95.886
96.02
96.154
96.288
96.422
96.663
96.904
97.146
97.387
97.696
98.006
98.315
98.624
98.965
99.307
99.648
99.99
100.341
100.692
101.044
101.395
101.749
102.104
102.459
102.813
103.18
103.547
103.914
104.281
104.675
105.068
105.462
105.856
106.287
106.717
107.148
107.579
108.054
108.53
109.005
109.48
110.01
110.541
111.072
111.602
112.183
112.764
113.344
113.925
114.524
115.124
115.723
116.322
116.894
117.465
118.036
118.608
119.126
119.644
120.162
120.68
121.15
121.62
122.09
122.56
123.009
123.458
123.907
124.356
124.81
125.264
125.718
126.172
126.647
127.123
127.599
128.074
128.571
129.069
129.566
130.063
130.575
131.087
131.598
132.11
132.625
133.139
133.654
134.169
134.681
135.194
135.706
136.218
136.732
137.245
137.758
138.272
138.787
139.301
139.816
140.331
140.832
141.333
141.834
142.335
142.803
143.271
143.74
144.208
144.633
145.058
145.483
145.908
146.278
146.648
147.018
147.388
147.686
147.984
148.282
148.58
148.786
148.993
149.2
149.406